TabuObj 3.84807
*VNS - *Melhor Obj Final 3.84807 *Melhor X Final [1. 1. 1. 1. 1. 0. 0. 1. 1. 0.]
TabuObj 9.257930000000002
*VNS - *Melhor Obj Final 9.257930000000002 *Melhor X Final [0. 0. 1. 1. 1. 0. 0. 1. 0. 1. 1. 0. 1. 0. 1. 1. 1. 0. 1. 1.]
TabuObj 89.56238999999998
TabuObj 89.80277999999997
TabuObj 89.93588999999997
TabuObj 90.28161999999998
TabuObj 90.43670999999999
TabuObj 90.57757999999998
*VNS - *Melhor Obj Final 90.57757999999998 *Melhor X Final [0. 1. 1. 1. 1. 1. 1. 1. 1. 1. 1. 0. 0. 1. 1. 0. 1. 0. 1. 1. 1. 1. 1. 1.
 1. 1. 1. 1. 0. 0. 1. 1. 0. 1. 0. 1. 1. 1. 1. 1. 1. 1. 1. 0. 1. 1. 1. 0.
 0. 1. 1. 1. 0. 1. 1. 0. 1. 0. 0. 1. 1. 1. 1. 0. 0. 0. 1. 0. 1. 1. 1. 1.
 1. 1. 1. 1. 0. 1. 1. 1. 0. 1. 1. 0. 0. 0. 0. 1. 1. 1. 1. 1. 1. 1. 1. 0.
 1. 0. 1. 0. 1. 1. 1. 0. 1. 0. 1. 1. 0. 1. 0. 0. 0. 1. 1. 1. 0. 0. 0. 1.
 1. 1. 1. 1. 0. 0. 0. 1. 0. 1. 0. 1. 1. 1. 0. 1. 0. 1. 1. 0. 0. 1. 1. 1.
 0. 1. 1. 0. 1. 1. 1. 0. 1. 0. 0. 0. 0. 1. 1. 1. 1. 1. 1. 1. 0. 0. 1. 0.
 0. 1. 1. 1. 1. 1. 1. 1. 1. 1. 1. 1. 1. 1. 1. 1. 1. 0. 1. 1. 0. 1. 1. 0.
 0. 1. 1. 1. 1. 0. 1. 1.]
TabuObj 230.1003399999998
TabuObj 230.39802999999978
TabuObj 230.66680999999977